95
43
34
34
60
3
28
49
44
73
86
40
42
12
84
17
80
60
42
71
82
73
41
60
34
82
31
77
44
44
34
42
62
94
77
40
60
36
40
40
32
3
89
89
72
97
7
99
59
73
89
17
11
85
31
7
75
24
43
53
90
11
89
11
32
16
32
41
11
75
11
77
65
11
43
65
10
39
45
58
50
17
83
83
50
36
35
29
77
13
65
22
13
29
40
13
69
20
6
17
25
17
77
49
6
17
56
17
46
32
43
73
54
90
35
85
42
26
63
75
44
13
43
82
48
48
45
66
43
24
47
48
45
54
44
81
59
77
85
17
7
13
53
14
42
46
41
47
77
53
8
93
47
88
88
99
19
77
47
41
59
15
8
45
8
77
28
60
49
8
8
39
82
8
8
21
8
8
8
99
20
12
77
23
86
3
20
86
76
34
17
41
74
70
77
17
17
38
8
70
17
10
5
17
56
93
26
65
77
77
74
20
3
17
59
80
17
54
74
17
73
29
10
73
74
17
99
10
17
81
17
17
17
32
73
17
17
17
17
17
13
17
17
17
17
17
99
32
17
13
10
32
17
17
17
17
17
17
17
17
17
99
32
17
17
17
17
17
17
25
17
14
20
17
17
39
47
17
72
39
83
88
66
90
47
39
65
17
15
73
57
36
77
5
17
39
8
34
95
62
20
77
57
57
13
28
54
17
44
73
58
17
90
99
44
51
44
53
53
48
93
77
17
57
99
77
75
66
44
73
17
39
41
55
53
39
13
62
32
50
80
73
80
89
99
17
18
2
36
71
47
53
87
48
80
73
3
77
17
17
26
60
95
17
17
57
53
17
53
32
77
82
92
7
16
48
73
83
15
92
17
15
46
48
14
51
72
36
74
17
58
48
17
32
2
17
17
99
17
17
58
17
17
1
19
7
12
73
53
17
73
77
77
20
99
7
75
90
44
58
17
44
56
80
13
92
84
89
1
48
81
74
99
75
74
23
10
99
8
77
77
92
89
53
89
8
77
92
42
89
17
5
65
17
17
92
65
92
17
17
16
54
10
17
77
66
17
14
20
77
23
14
77
12
17
17
14
17
77
34
92
17
32
99
99
92
36
17
73
49
99
77
17
89
24
13
17
86
40
90
73
74
19
48
21
99
41
29
39
93
41
12
53
71
63
89
54
36
13
77
34
15
18
7
44
49
76
25
73
44
17
52
10
52
77
89
94
42
44
69
17
40
43
18
89
77
3
54
32
83
8
77
90
89
66
75
71
77
45
29
79
73
66
66
59
20
66
14
52
33
39
82
83
53
74
38
77
1
90
1
1
17
77
51
77
99
94
17
57
81
74
29
47
33
32
53
17
30
27
77
73
33
90
65
30
77
77
41
17
50
91
47
77
14
6
85
5
33
33
63
77
34
60
13
48
77
71
55
14
53
83
47
39
77
89
77
17
84
89
58
77
65
77
77
99
65
53
80
65
33
11
82
77
15
6
25
6
76
47
47
83
80
40
53
44
13
77
16
53
45
23
2
77
77
13
90
83
71
21
80
6
42
37
58
19
90
57
15
55
77
39
77
31
12
17
77
53
16
98
99
43
90
48
84
69
97
57
10
82
36
41
38
15
34
32
26
2
35
16
54
91
16
31
16
67
11
74
13
57
53
2
38
77
69
47
47
75
74
52
14
73
33
75
75
35
10
33
53
91
59
82
15
90
45
44
2
16
99
90
46
1
77
17
99
77
18
17
82
32
41
31
13
28
18
42
48
45
80
90
17
10
77
32
58
54
56
90
56
99
72
19
80
77
65
34
56
47
54
13
43
7
66
13
67
58
18
12
58
27
39
94
8
84
73
94
82
82
32
82
82
85
82
15
58
82
82
47
82
82
82
82
82
82
88
39
17
82
82
82
86
82
86
82
39
82
3
82
72
82
82
82
14
14
14
14
8
58
7
17
53
75
65
82
41
39
8
77
77
58
68
86
23
53
63
9
90
73
32
44
36
86
51
32
28
24
53
53
13
63
74
75
17
83
18
10
57
24
46
77
57
8
90
99
4
99
77
99
17
14
91
13
91
71
89
99
41
47
77
77
59
93
65
39
49
99
45
47
80
77
72
53
39
99
76
85
85
80
45
40
99
99
97
8
29
20
66
59
13
98
63
87
75
53
77
39
45
10
46
53
48
24
82
4
55
39
89
39
3
47
89
29
75
77
65
34
45
45
57
58
82
99
65
81
38
65
65
90
89
62
18
44
26
44
26
48
62
36
2
62
44
93
42
35
65
47
17
84
80
86
53
77
71
47
52
2
54
73
29
77
3
99
89
53
59
32
53
52
13
82
97
47
50
77
32
34
82
90
73
51
4
3
34
75
89
65
80
10
32
97
8
89
84
54
8
8
8
65
37
10
32
90
77
42
60
12
90
34
22
83
82
50
40
90
90
8
42
19
58
58
80
96
80
99
24
69
82
14
59
42
15
64
10
2
65
66
10
55
91
73
43
42
45
77
42
3
60
28
34
53
13
77
62
70
13
99
57
17
51
58
76
44
88
23
48
82
12
61
16
36
99
32
81
77
57
40
40
51
77
86
50
15
50
99
77
77
74
63
53
51
44
20
77
52
65
44
77
7
90
24
92
31
50
27
58
65
36
58
32
65
58
55
65
11
46
71
13
86
47
35
10
80
40
80
39
39
88
80
85
54
42
80
49
85
36
40
85
85
39
39
42
74
57
80
7
85
85
85
65
85
65
8
80
34
8
90
8
76
49
56
80
65
29
3
14
14
46
36
86
77
42
77
80
8
73
77
77
71
77
77
17
82
59
62
80
42
96
48
95
12
3
80
26
3
23
77
13
50
89
39
65
49
40
77
82
53
50
77
75
77
45
95
26
77
89
71
47
66
22
77
81
85
33
38
38
49
29
90
81
79
77
44
82
23
26
17
32
53
44
85
77
17
49
43
69
80
45
41
40
77
77
45
90
91
39
32
80
53
44
36
45
28
73
63
47
97
79
57
18
89
76
53
47
48
34
77
32
90
5
90
39
46
58
90
91
53
47
90
75
47
53
43
28
43
81
63
47
91
91
65
8
77
5
75
18
90
57
23
70
88
82
60
45
48
90
24
30
99
39
44
47
82
44
41
45
54
23
50
94
32
95
50
57
24
57
77
77
53
48
10
65
44
44
42
17
54
48
48
99
85
84
99
85
71
84
47
32
48
90
48
77
85
35
84
84
83
99
84
47
51
91
42
84
99
77
83
77
99
83
44
84
44
42
99
89
30
84
42
84
99
72
84
84
85
99
66
99
71
21
58
21
86
36
90
77
13
11
69
33
99
81
90
40
3
2
35
77
99
80
63
44
15
12
50
5
24
43
77
40
27
15
39
33
47
77
17
40
50
99
53
99
96
57
70
82
89
53
18
13
38
44
91
11
10
11
77
87
45
39
77
46
48
2
32
12
24
71
99
13
89
48
19
95
45
51
53
46
19
66
13
50
28
77
33
66
12
30
44
53
2
74
32
23
10
7
93
20
53
87
50
86
66
99
29
94
77
32
12
76
54
45
32
99
93
55
80
58
53
24
15
10
63
90
50
39
29
89
82
88
58
77
13
53
96
53
38
75
99
38
23
17
36
61
28
39
99
39
41
77
32
77
93
99
33
2
96
77
32
23
82
39
77
12
71
90
45
53
15
41
80
17
32
77
40
26
30
18
89
17
77
34
45
24
93
77
99
65
43
53
43
89
97
36
35
53
3
32
57
77
44
8
90
32
93
93
99
7
29
92
77
82
39
78
82
99
99
75
53
65
77
80
99
90
2
29
95
48
99
93
90
89
8
36
89
50
93
7
93
88
58
58
77
80
77
89
89
53
14
99
39
48
69
77
15
93
27
25
65
77
99
23
82
81
20
99
58
82
41
19
40
66
99
77
77
3
73
54
57
13
67
77
13
5
90
75
9
32
90
87
46
26
53
77
7
81
5
90
13
80
32
14
53
67
76
77
44
42
44
65
9
8
9
45
17
9
9
45
39
54
51
90
90
15
56
99
80
89
17
33
30
89
5
58
77
49
73
50
83
85
83
45
36
85
68
34
38
89
47
44
77
32
50
40
90
20
3
14
73
97
47
77
14
9
57
73
52
5
90
83
32
3
41
50
57
39
5
82
53
53
55
77
58
90
90
50
38
83
73
90
49
11
53
52
25
14
80
90
58
75
50
42
11
8
8
75
75
82
12
10
53
45
82
71
82
10
32
53
90
34
77
5
2
99
51
74
45
45
45
23
87
88
90
46
83
23
74
24
96
44
45
73
64
35
37
77
46
37
77
91
77
34
77
34
95
51
50
74
21
24
80
41
77
97
50
19
26
32
77
5
77
26
39
73
77
17
73
99
53
73
8
99
93
99
12
44
58
34
23
28
60
10
41
57
87
46
99
45
35
99
87
53
39
77
58
50
45
3
82
65
56
77
77
89
50
26
39
38
99
10
99
85
39
76
82
8
13
46
80
46
81
57
77
99
47
10
33
32
40
86
40
58
82
45
77
27
26
77
9
53
86
99
35
11
33
14
90
42
50
39
50
86
90
99
64
40
96
37
32
44
88
77
77
50
24
77
89
32
35
15
32
14
77
32
27
23
89
83
77
99
88
50
99
72
10
89
62
47
45
27
89
99
77
45
53
45
45
45
45
45
45
45
45
45
45
54
45
99
39
45
45
50
45
45
45
45
45
81
45
48
45
45
45
45
45
39
15
39
37
45
70
2
15
13
66
77
47
77
91
36
66
99
71
53
13
50
73
12
32
73
54
55
84
89
51
63
47
89
77
84
49
53
28
32
50
17
89
39
10
50
66
54
77
75
58
80
90
77
50
53
62
48
45
4
96
99
11
77
75
77
74
50
23
47
83
90
50
76
51
50
81
77
76
28
69
46
10
99
77
12
23
82
93
70
88
24
17
85
12
77
50
73
47
39
77
77
89
77
32
53
57
99
77
45
65
8
53
35
77
32
32
47
58
48
38
77
89
47
54
17
40
83
77
69
71
54
77
17
32
50
32
73
40
32
71
66
40
77
69
56
76
99
90
10
46
82
51
28
77
58
32
57
87
21
47
45
77
82
66
21
25
23
39
32
40
25
56
17
53
77
34
20
17
32
94
28
56
89
48
7
77
20
42
24
73
29
77
66
47
77
17
32
47
44
54
69
53
99
32
36
47
32
83
56
54
86
17
15
43
28
75
23
32
1
59
46
28
96
38
23
2
38
50
77
96
40
24
45
54
93
78
73
73
67
81
77
89
82
52
17
29
36
23
77
53
42
73
38
33
77
39
96
73
30
73
23
86
73
44
23
53
34
90
39
77
44
46
45
34
77
54
73
17
46
45
34
40
47
1
48
39
39
73
87
66
10
62
50
82
77
21
53
21
24
11
82
82
77
11
50
35
75
23
32
82
77
56
11
77
34
9
86
29
59
24
77
53
73
77
19
77
62
72
77
17
47
29
62
77
42
4
8
73
3
77
89
39
89
86
41
77
80
24
72
55
90
75
77
75
82
34
77
77
24
46
46
44
72
77
15
77
77
28
24
77
32
15
63
39
77
23
42
23
71
47
82
77
63
82
46
45
46
7
73
77
72
76
80
81
36
99
91
77
58
59
46
44
77
32
80
77
91
86
77
5
73
99
77
59
77
82
57
77
77
80
27
50
43
82
82
45
77
46
45
99
3
77
69
11
32
51
99
77
53
84
74
53
77
8
54
73
77
60
83
30
31
17
40
32
10
77
89
32
45
25
58
81
77
45
91
37
44
32
64
77
66
77
44
86
3
50
77
11
82
24
53
73
77
88
9
77
63
46
77
26
52
73
45
28
14
40
77
14
24
99
52
76
77
82
24
75
77
24
42
34
77
35
45
77
77
77
63
89
38
77
39
73
81
77
77
37
77
83
71
73
24
77
77
53
39
90
77
36
94
80
79
3
95
77
15
40
89
65
99
77
77
88
73
63
38
53
77
8
99
77
32
77
28
14
50
37
30
77
23
74
34
82
77
49
60
17
32
77
48
24
35
77
45
21
50
77
21
7
39
53
77
57
77
77
88
10
77
46
53
8
77
46
45
77
34
77
85
10
85
83
32
77
83
66
30
89
77
24
25
77
89
40
27
71
6
38
77
76
13
80
90
80
90
73
97
28
24
82
77
8
36
99
53
97
32
63
77
77
36
24
53
42
48
77
23
8
42
45
49
77
30
44
89
88
77
2
38
77
17
81
44
32
77
47
77
3
8
44
8
8
29
89
41
77
47
73
77
8
15
69
8
65
23
77
11
36
67
53
77
84
84
35
77
10
84
66
74
77
99
33
77
73
66
43
73
77
4
43
77
77
77
78
74
77
58
80
77
58
77
58
77
77
77
77
40
23
19
77
44
77
73
57
77
58
54
72
77
82
77
38
47
77
71
51
63
22
73
44
77
94
45
3
35
84
50
77
53
75
51
46
84
84
84
52
77
46
43
39
5
54
29
77
77
85
99
5
24
90
77
57
90
8
3
80
77
80
65
22
57
12
50
71
77
53
77
77
7
89
53
44
77
30
59
24
33
93
12
24
77
56
14
51
32
89
77
75
14
83
59
34
73
77
15
76
73
38
99
75
36
36
24
64
73
77
8
39
89
71
95
77
80
7
45
77
77
99
19
34
77
34
76
99
61
77
44
2
41
3
45
77
25
41
76
77
57
77
99
46
44
30
99
77
15
50
77
71
64
85
32
77
83
80
14
40
53
27
77
38
44
70
44
44
80
77
89
99
77
53
36
11
43
77
44
32
44
77
93
34
81
77
14
39
38
38
44
77
13
82
82
77
82
57
77
44
13
36
44
77
89
53
44
89
77
42
2
77
8
45
77
57
67
44
15
99
77
82
48
14
48
72
77
77
40
39
90
38
99
99
80
77
90
86
91
82
82
69
12
99
43
71
44
67
76
32
78
54
97
71
71
27
99
74
80
74
99
21
7
50
64
7
32
2
35
71
71
69
45
62
98
97
40
45
45
37
99
47
23
23
12
98
1
56
10
45
82
99
53
75
13
49
37
66
83
22
15
32
40
32
83
90
39
28
17
3
71
46
90
99
3
80
46
60
80
59
75
82
50
32
46
34
43
62
43
62
45
52
14
62
68
44
62
98
53
80
40
20
12
88
98
95
79
98
90
76
80
53
64
99
47
12
2
23
46
88
70
14
53
99
49
90
71
12
23
43
30
56
71
23
40
26
36
78
90
32
51
99
26
81
99
14
32
32
77
99
89
77
2
40
96
43
69
88
10
8
46
41
46
57
12
54
10
80
85
27
46
32
10
99
10
71
48
44
89
8
99
80
36
89
21
35
13
48
89
67
47
44
40
36
45
81
99
32
69
65
22
28
71
62
89
48
44
40
28
91
90
28
28
90
28
45
80
2
37
88
99
93
34
91
28
91
3
83
50
53
66
36
80
99
43
66
21
99
96
53
66
66
28
39
53
12
53
53
66
46
66
66
45
99
77
44
76
58
89
76
66
66
66
99
32
32
49
67
66
66
17
13
32
77
82
7
76
80
32
89
91
76
32
83
45
50
32
81
45
32
44
13
44
8
32
2
58
13
36
82
77
13
65
28
77
63
32
54
32
53
44
32
28
73
96
29
48
63
76
32
47
45
56
60
50
32
99
73
13
45
71
44
13
64
13
37
54
37
46
45
82
24
47
50
32
71
90
73
99
93
39
13
32
99
13
10
69
13
78
93
47
36
36
10
99
31
99
32
13
13
13
78
12
23
44
37
13
13
13
91
39
54
13
38
80
47
57
94
48
60
47
44
38
49
21
99
23
32
48
12
32
28
13
89
3
46
20
99
99
13
63
37
3
17
13
99
11
74
13
32
2
12
75
99
99
53
39
76
52
99
80
99
80
99
32
26
47
42
56
77
99
48
56
44
83
32
71
47
10
32
90
53
30
51
38
23
77
99
45
53
71
77
99
98
99
16
24
62
24
47
67
8
22
34
63
80
78
24
44
78
73
76
47
73
39
50
36
47
34
12
39
53
77
8
99
10
97
46
53
45
94
45
39
32
2
32
99
89
26
3
70
32
73
32
68
69
33
89
93
80
73
47
60
39
99
56
86
45
39
15
39
13
99
82
1
43
85
17
85
90
43
83
39
32
32
6
85
23
20
53
65
94
98
68
40
97
49
77
65
70
31
60
23
51
86
47
45
13
74
45
89
40
50
51
52
42
93
42
75
89
69
39
75
44
53
89
48
36
52
71
32
40
24
45
68
44
80
51
83
26
11
44
80
4
9
99
99
80
39
77
89
51
53
80
13
66
33
87
69
80
9
99
87
54
36
45
51
39
15
39
69
91
80
99
88
71
83
32
64
64
81
32
