-1
0
-1
-1
-1
-1
-1
-1
-1
1
2
-1
-1
-1
3
4
-1
-1
-1
5
6
7
-1
-1
-1
6
8
-1
-1
9
-1
-1
-1
-1
-1
-1
10
-1
-1
-1
-1
-1
-1
11
-1
156
-1
12
-1
-1
13
14
-1
15
-1
-1
-1
-1
16
-1
-1
-1
11
-1
-1
-1
-1
-1
-1
-1
-1
-1
-1
17
18
-1
-1
-1
-1
-1
19
-1
-1
-1
-1
-1
20
-1
-1
-1
-1
-1
-1
21
22
-1
23
158
-1
-1
-1
-1
-1
24
-1
-1
-1
25
87
26
27
-1
-1
-1
-1
-1
-1
-1
-1
-1
-1
28
27
-1
-1
29
-1
-1
27
30
-1
-1
-1
-1
31
-1
-1
-1
-1
-1
-1
32
-1
33
-1
34
-1
-1
-1
35
-1
-1
-1
-1
-1
-1
36
34
-1
16
-1
14
37
-1
38
-1
-1
39
-1
-1
-1
-1
-1
-1
-1
-1
40
40
-1
-1
-1
41
34
-1
-1
-1
-1
42
-1
-1
-1
86
-1
-1
34
14
14
26
40
-1
4
14
43
-1
44
-1
45
14
-1
34
46
-1
-1
47
-1
48
-1
49
-1
-1
-1
-1
51
-1
-1
-1
50
51
25
-1
-1
-1
-1
-1
-1
-1
-1
-1
-1
-1
-1
-1
4
-1
-1
-1
50
-1
-1
-1
-1
-1
-1
-1
-1
47
-1
52
-1
-1
-1
50
-1
-1
-1
-1
28
52
-1
-1
52
-1
-1
4
4
-1
53
-1
-1
-1
-1
-1
-1
54
-1
-1
-1
67
-1
-1
55
56
-1
14
47
-1
-1
57
14
-1
-1
34
-1
14
32
-1
58
-1
31
-1
26
-1
212
59
-1
38
-1
-1
60
-1
61
-1
-1
33
62
34
-1
53
-1
-1
-1
-1
-1
14
63
-1
32
-1
53
-1
-1
-1
37
11
-1
4
-1
-1
-1
-1
64
11
65
29
-1
-1
-1
66
67
51
-1
-1
-1
4
-1
0
-1
-1
2
-1
34
205
69
68
-1
-1
-1
-1
-1
69
70
71
-1
-1
-1
58
-1
72
46
52
-1
-1
-1
-1
-1
-1
47
73
-1
-1
-1
67
4
74
-1
-1
41
-1
-1
-1
75
-1
-1
15
12
-1
-1
-1
-1
-1
14
76
44
-1
14
69
3
-1
74
36
-1
-1
12
-1
77
-1
-1
-1
-1
34
-1
69
-1
-1
11
-1
78
-1
-1
11
-1
75
-1
-1
-1
69
14
-1
47
14
-1
43
-1
25
26
14
4
-1
15
34
30
-1
34
-1
-1
47
-1
47
-1
-1
69
-1
14
79
-1
69
14
-1
-1
80
-1
34
-1
-1
-1
-1
-1
-1
-1
-1
7
81
-1
-1
-1
-1
-1
-1
-1
61
-1
-1
63
-1
82
83
84
56
85
-1
86
-1
178
-1
-1
-1
43
-1
-1
-1
-1
-1
-1
-1
-1
-1
-1
-1
-1
-1
-1
-1
87
-1
-1
-1
37
-1
-1
-1
128
-1
88
76
-1
-1
-1
34
-1
-1
10
-1
10
-1
-1
-1
-1
-1
76
-1
-1
-1
-1
35
77
-1
89
74
85
-1
-1
25
-1
-1
-1
-1
-1
-1
-1
-1
-1
33
1
-1
-1
63
25
-1
-1
89
76
-1
54
-1
-1
-1
-1
90
52
91
92
93
94
-1
-1
-1
-1
60
95
-1
-1
-1
-1
-1
-1
-1
-1
-1
-1
-1
-1
-1
36
89
-1
78
-1
3
13
-1
34
-1
24
-1
-1
-1
-1
-1
-1
95
17
-1
-1
-1
-1
-1
-1
-1
-1
-1
-1
96
89
-1
-1
-1
-1
97
-1
-1
98
94
66
-1
-1
99
-1
63
-1
75
100
-1
101
-1
-1
102
21
-1
-1
-1
-1
-1
103
41
-1
-1
-1
-1
-1
62
27
134
-1
104
-1
-1
-1
104
-1
105
106
184
107
-1
-1
45
83
-1
-1
84
-1
-1
88
-1
-1
17
46
-1
-1
-1
108
-1
34
109
53
-1
207
-1
86
-1
7
-1
-1
-1
-1
-1
-1
-1
-1
-1
-1
-1
-1
-1
-1
210
-1
73
-1
110
74
89
113
-1
-1
-1
113
-1
-1
-1
-1
-1
8
-1
-1
76
-1
111
112
113
1
24
-1
-1
84
-1
-1
114
66
-1
-1
42
-1
-1
-1
-1
65
-1
-1
-1
68
-1
-1
-1
-1
-1
-1
-1
-1
-1
-1
-1
3
-1
-1
-1
-1
115
117
-1
-1
116
117
118
-1
117
-1
-1
6
-1
-1
-1
-1
-1
-1
-1
-1
-1
-1
-1
-1
-1
-1
-1
-1
-1
-1
-1
-1
117
117
-1
117
-1
-1
-1
-1
-1
102
119
-1
-1
-1
48
-1
-1
34
34
-1
-1
-1
-1
-1
-1
-1
54
-1
-1
-1
-1
-1
-1
-1
79
76
63
35
-1
-1
-1
-1
-1
-1
57
120
-1
-1
-1
-1
-1
-1
-1
121
-1
-1
-1
-1
-1
-1
-1
32
-1
-1
83
73
-1
100
-1
-1
-1
-1
-1
-1
-1
-1
-1
-1
-1
24
21
-1
-1
73
-1
-1
-1
-1
-1
-1
73
73
-1
-1
-1
-1
-1
-1
32
-1
-1
-1
-1
35
89
122
123
-1
-1
60
29
-1
-1
-1
-1
-1
83
-1
-1
-1
124
124
-1
-1
-1
86
-1
-1
-1
-1
-1
59
-1
-1
-1
-1
-1
54
13
-1
-1
192
-1
108
45
-1
-1
72
-1
-1
123
-1
-1
-1
-1
-1
4
-1
-1
-1
63
-1
-1
-1
-1
-1
84
-1
-1
103
-1
-1
125
119
104
-1
-1
140
-1
126
37
93
-1
34
-1
57
-1
85
127
93
-1
-1
57
-1
-1
-1
-1
-1
-1
-1
128
125
3
-1
128
128
128
-1
101
-1
104
112
-1
-1
-1
41
54
-1
-1
104
8
19
164
112
112
128
-1
-1
-1
-1
26
129
-1
12
-1
-1
130
131
-1
-1
-1
214
-1
-1
126
-1
-1
-1
-1
-1
124
-1
-1
132
-1
-1
39
-1
86
-1
133
34
102
5
-1
59
-1
104
38
-1
-1
31
-1
-1
29
-1
-1
43
-1
-1
134
-1
-1
89
55
22
-1
-1
-1
-1
-1
-1
-1
135
66
136
-1
-1
48
122
-1
-1
-1
-1
-1
137
132
-1
54
91
-1
-1
19
-1
-1
-1
72
-1
104
-1
-1
-1
-1
-1
-1
5
-1
-1
89
-1
-1
-1
138
-1
-1
-1
-1
-1
-1
139
-1
-1
-1
-1
-1
-1
-1
-1
-1
-1
-1
-1
-1
-1
68
-1
-1
-1
126
-1
-1
-1
-1
-1
211
85
-1
140
211
114
123
11
-1
-1
141
142
104
82
-1
34
-1
89
111
-1
-1
-1
-1
-1
-1
170
-1
-1
-1
-1
126
-1
-1
-1
5
-1
-1
-1
-1
-1
-1
-1
28
-1
143
144
-1
80
-1
145
-1
-1
120
145
-1
112
-1
-1
-1
27
-1
-1
64
-1
-1
34
146
-1
-1
-1
147
-1
-1
85
-1
-1
-1
-1
-1
30
-1
-1
193
112
-1
37
-1
-1
80
-1
-1
111
148
36
138
-1
-1
148
85
-1
-1
-1
-1
-1
-1
-1
148
-1
-1
-1
-1
-1
-1
55
-1
-1
-1
-1
-1
-1
-1
66
182
-1
-1
112
36
-1
8
11
-1
24
-1
85
-1
-1
2
18
-1
-1
146
97
-1
-1
-1
-1
-1
160
149
-1
105
85
-1
30
147
150
-1
39
148
-1
-1
-1
-1
-1
-1
-1
71
130
151
-1
148
-1
-1
19
-1
-1
1
63
136
-1
-1
89
-1
60
-1
-1
-1
108
31
137
-1
139
-1
150
99
-1
3
99
-1
-1
-1
-1
-1
-1
-1
-1
-1
-1
-1
-1
-1
-1
99
152
93
38
99
-1
152
99
-1
-1
-1
99
-1
-1
152
-1
-1
12
-1
-1
-1
-1
152
12
-1
152
3
-1
99
-1
99
145
60
-1
-1
42
26
-1
89
133
17
-1
-1
59
146
85
-1
37
36
-1
100
-1
111
-1
-1
-1
41
-1
23
153
-1
66
-1
104
-1
-1
-1
154
94
-1
-1
-1
155
63
-1
156
-1
-1
-1
-1
-1
-1
133
141
46
-1
-1
185
-1
89
-1
-1
-1
165
110
29
-1
-1
41
153
-1
-1
86
-1
35
-1
-1
-1
12
-1
-1
-1
-1
133
91
-1
89
95
-1
88
-1
-1
60
-1
46
-1
157
120
-1
-1
158
119
-1
-1
-1
16
135
104
-1
165
-1
-1
-1
49
-1
-1
99
-1
136
-1
-1
63
153
-1
-1
-1
-1
-1
58
-1
-1
-1
-1
-1
89
159
-1
129
-1
-1
-1
-1
21
-1
113
56
-1
-1
-1
-1
150
-1
-1
-1
105
-1
59
-1
-1
129
-1
-1
-1
-1
144
160
41
-1
85
-1
161
-1
-1
162
-1
163
-1
164
-1
-1
-1
11
-1
89
-1
-1
163
61
-1
-1
-1
-1
63
-1
106
-1
-1
86
-1
-1
-1
0
165
31
40
85
163
61
61
59
-1
-1
61
78
-1
-1
-1
-1
62
135
-1
-1
126
-1
-1
59
85
-1
-1
61
21
155
61
-1
-1
-1
56
125
131
-1
-1
61
70
-1
-1
89
75
24
11
59
63
-1
155
-1
-1
109
-1
-1
-1
-1
-1
-1
-1
156
30
-1
-1
-1
-1
-1
130
59
-1
-1
-1
73
-1
145
-1
188
74
-1
-1
123
89
-1
149
-1
-1
141
104
-1
-1
110
45
131
89
-1
-1
149
-1
-1
-1
-1
-1
2
-1
-1
-1
108
92
151
-1
70
-1
-1
87
88
-1
-1
124
-1
-1
119
-1
-1
-1
44
6
-1
3
76
-1
68
124
-1
-1
-1
-1
166
167
-1
-1
-1
122
-1
-1
-1
-1
-1
83
-1
-1
-1
-1
-1
-1
-1
15
-1
-1
-1
-1
94
66
-1
-1
156
-1
2
149
-1
168
-1
-1
-1
-1
-1
-1
149
-1
-1
35
-1
-1
-1
-1
79
91
-1
-1
105
112
-1
43
35
-1
-1
-1
-1
-1
-1
-1
-1
-1
169
65
40
-1
-1
-1
-1
-1
-1
-1
130
-1
-1
-1
104
-1
-1
-1
89
149
-1
99
-1
46
-1
-1
1
-1
132
90
131
23
24
119
-1
153
-1
-1
-1
-1
76
-1
-1
-1
-1
101
170
-1
24
-1
-1
-1
-1
38
19
201
-1
104
-1
-1
170
-1
-1
-1
45
-1
171
-1
170
45
104
-1
171
-1
-1
59
-1
7
-1
121
61
155
119
-1
118
-1
-1
-1
-1
-1
-1
-1
-1
110
121
-1
-1
73
-1
-1
144
-1
-1
167
-1
153
88
126
114
-1
-1
-1
172
-1
-1
163
-1
87
-1
-1
-1
-1
8
107
28
77
173
-1
-1
136
170
12
-1
120
95
26
22
42
-1
118
-1
-1
121
-1
-1
-1
-1
-1
-1
-1
20
169
-1
-1
-1
-1
167
-1
174
-1
112
104
119
-1
129
-1
-1
35
-1
170
-1
167
-1
-1
83
104
-1
-1
-1
-1
170
-1
-1
30
-1
-1
170
-1
-1
91
-1
-1
-1
11
-1
140
1
-1
-1
174
-1
176
175
175
175
175
-1
-1
175
175
175
-1
177
175
175
-1
124
175
175
-1
175
175
-1
175
-1
175
175
-1
176
177
177
176
177
-1
-1
203
-1
176
157
-1
-1
133
-1
170
1
89
-1
-1
-1
99
172
119
-1
167
7
-1
96
-1
84
-1
3
125
-1
1
1
-1
170
-1
80
-1
30
96
-1
-1
83
-1
-1
178
-1
-1
-1
-1
118
-1
-1
170
-1
179
-1
36
-1
-1
129
-1
169
170
1
160
81
-1
-1
154
-1
-1
-1
-1
-1
167
146
-1
-1
-1
212
110
-1
180
170
-1
15
104
104
-1
104
71
113
-1
-1
145
-1
199
-1
144
181
-1
-1
153
-1
179
-1
-1
170
-1
-1
-1
-1
-1
170
26
-1
-1
-1
-1
-1
170
102
-1
-1
179
-1
-1
-1
-1
-1
-1
-1
-1
-1
-1
182
-1
138
183
65
-1
-1
184
-1
114
119
173
-1
185
-1
130
-1
158
170
-1
-1
-1
-1
-1
-1
-1
170
186
-1
-1
-1
30
-1
183
48
-1
114
-1
-1
-1
57
-1
157
-1
-1
-1
44
-1
-1
-1
171
15
157
-1
-1
-1
171
127
64
170
83
163
93
210
49
-1
-1
155
163
-1
64
-1
-1
44
68
-1
-1
71
-1
163
-1
119
182
-1
-1
110
-1
-1
-1
43
-1
144
-1
170
-1
138
153
-1
-1
-1
-1
7
-1
-1
-1
-1
125
130
140
-1
103
82
-1
170
173
-1
-1
187
-1
24
-1
-1
-1
-1
-1
-1
-1
188
-1
-1
180
-1
54
-1
34
-1
134
104
43
189
84
-1
-1
-1
1
-1
-1
190
74
-1
-1
-1
166
-1
-1
-1
-1
-1
-1
170
-1
191
132
153
-1
-1
-1
170
-1
172
33
-1
30
-1
127
-1
44
17
-1
-1
-1
-1
-1
122
153
170
-1
-1
-1
-1
170
-1
119
170
-1
93
-1
-1
-1
137
136
192
-1
-1
170
143
-1
13
-1
-1
170
-1
-1
-1
-1
168
181
170
181
11
-1
170
78
153
-1
110
9
-1
24
71
170
189
-1
-1
-1
193
-1
-1
-1
170
-1
-1
-1
-1
53
178
170
-1
-1
-1
1
119
169
-1
-1
194
147
-1
-1
56
12
-1
170
127
-1
-1
9
-1
-1
-1
-1
-1
104
170
-1
188
99
170
-1
-1
186
103
166
170
-1
122
91
27
-1
-1
-1
170
79
147
-1
-1
170
-1
-1
163
-1
-1
170
60
-1
-1
131
170
107
186
-1
170
39
-1
-1
170
-1
-1
183
-1
170
83
202
-1
-1
-1
-1
-1
-1
-1
-1
9
183
-1
66
170
171
119
-1
-1
172
170
-1
-1
-1
191
-1
170
-1
103
170
-1
110
170
153
140
-1
195
-1
142
-1
170
142
195
-1
-1
-1
170
8
-1
-1
-1
153
106
-1
-1
-1
115
-1
170
-1
-1
-1
-1
-1
-1
-1
-1
170
-1
101
170
-1
-1
-1
-1
170
-1
119
-1
-1
170
82
196
196
87
-1
169
170
-1
164
-1
76
-1
189
170
-1
166
-1
-1
-1
170
107
196
170
197
170
-1
-1
178
-1
-1
170
30
46
-1
-1
170
-1
-1
-1
-1
170
-1
153
122
-1
1
212
19
170
-1
-1
-1
180
170
136
-1
170
-1
-1
170
23
161
-1
170
-1
-1
198
-1
170
-1
120
37
-1
-1
170
-1
-1
-1
-1
170
153
-1
170
143
-1
199
5
-1
-1
-1
170
-1
162
-1
170
90
-1
-1
-1
-1
66
83
40
82
43
60
-1
163
104
170
-1
-1
200
119
-1
-1
170
30
40
137
123
80
170
-1
151
13
-1
170
153
187
170
179
146
151
163
170
-1
171
-1
-1
-1
-1
-1
-1
200
-1
170
-1
-1
81
-1
192
115
-1
88
76
170
17
-1
-1
179
170
3
-1
-1
-1
-1
132
-1
77
170
99
95
170
-1
-1
123
198
170
-1
27
-1
-1
-1
201
-1
94
-1
-1
170
-1
198
-1
198
198
198
170
-1
30
-1
-1
-1
170
-1
58
170
118
-1
-1
170
-1
203
-1
154
-1
-1
61
-1
-1
-1
-1
-1
104
1
-1
-1
-1
-1
170
60
-1
58
-1
201
-1
-1
-1
-1
23
18
-1
202
79
-1
66
170
-1
99
202
-1
-1
170
-1
-1
-1
-1
123
170
111
-1
-1
-1
41
172
-1
-1
60
203
170
-1
83
-1
23
170
-1
-1
-1
-1
123
-1
1
170
-1
-1
-1
163
83
-1
-1
142
48
-1
-1
68
-1
-1
173
170
-1
204
-1
198
72
153
199
-1
170
188
-1
83
-1
-1
170
162
79
-1
170
-1
99
-1
-1
170
-1
-1
204
-1
170
31
-1
-1
-1
-1
170
-1
-1
-1
-1
136
-1
-1
110
-1
-1
204
170
-1
19
170
5
-1
-1
-1
170
121
-1
-1
-1
-1
153
170
187
31
-1
31
151
48
170
83
174
78
35
-1
-1
27
170
151
-1
-1
-1
61
-1
-1
170
142
-1
187
-1
-1
170
159
205
130
-1
-1
-1
170
-1
206
72
-1
170
116
-1
212
116
170
157
-1
170
107
-1
170
0
103
31
-1
-1
170
130
207
-1
207
123
170
-1
-1
-1
-1
187
155
155
-1
-1
-1
-1
-1
130
8
-1
41
12
-1
5
31
-1
153
-1
48
-1
115
-1
1
-1
99
46
111
-1
155
137
-1
91
103
-1
-1
-1
-1
-1
-1
109
132
122
196
123
-1
-1
-1
-1
59
144
-1
81
168
-1
74
-1
-1
87
186
135
-1
-1
104
-1
101
208
-1
-1
-1
-1
-1
163
-1
112
-1
-1
101
-1
-1
-1
16
174
-1
-1
-1
-1
-1
90
43
130
-1
-1
110
95
-1
-1
-1
-1
-1
-1
-1
-1
-1
-1
-1
-1
-1
-1
-1
-1
-1
-1
-1
-1
123
-1
112
-1
48
119
-1
121
190
-1
-1
-1
23
-1
157
-1
-1
121
1
112
-1
-1
-1
-1
-1
-1
92
-1
22
-1
72
-1
180
127
38
-1
45
196
155
141
-1
-1
-1
174
13
-1
-1
-1
129
-1
-1
-1
-1
40
-1
-1
-1
-1
-1
-1
120
48
-1
-1
-1
-1
185
121
120
-1
-1
-1
-1
-1
135
-1
-1
13
-1
158
206
-1
124
124
-1
65
200
1
1
146
-1
-1
-1
-1
-1
209
5
210
143
29
31
-1
8
-1
-1
209
209
-1
-1
1
48
194
-1
112
-1
-1
33
-1
209
-1
-1
-1
-1
-1
-1
-1
153
121
-1
-1
-1
-1
43
191
23
-1
-1
-1
60
-1
191
161
208
-1
-1
208
57
174
24
31
-1
26
143
-1
-1
-1
-1
155
183
163
-1
-1
-1
-1
-1
134
104
171
-1
-1
-1
-1
163
-1
-1
-1
-1
123
-1
-1
144
-1
-1
163
-1
206
-1
-1
-1
210
5
206
144
-1
-1
206
-1
-1
-1
-1
26
139
-1
-1
-1
103
-1
-1
-1
-1
153
-1
-1
-1
190
20
-1
-1
172
-1
121
-1
206
-1
5
-1
206
-1
159
-1
-1
-1
-1
-1
205
153
-1
178
163
5
112
75
184
-1
-1
206
-1
12
-1
116
197
-1
-1
-1
64
-1
56
-1
121
-1
121
-1
-1
-1
206
23
26
-1
31
-1
-1
11
-1
-1
-1
49
-1
-1
48
53
-1
200
-1
39
190
61
-1
-1
144
121
-1
197
-1
-1
163
144
-1
143
-1
103
-1
121
155
206
97
-1
79
192
206
155
-1
-1
-1
183
-1
41
-1
-1
155
-1
-1
-1
-1
121
111
121
-1
-1
183
-1
-1
-1
-1
-1
196
29
13
196
-1
163
5
53
-1
197
-1
-1
-1
-1
90
30
-1
-1
-1
180
5
66
59
-1
121
16
153
-1
-1
190
30
-1
-1
86
136
-1
-1
-1
-1
-1
-1
-1
64
-1
-1
172
140
-1
-1
-1
-1
-1
-1
211
-1
-1
-1
110
119
1
200
-1
-1
104
-1
-1
121
124
45
-1
-1
193
-1
193
-1
-1
95
11
-1
162
-1
87
-1
-1
121
44
-1
-1
-1
-1
121
-1
-1
205
-1
-1
-1
200
-1
-1
-1
-1
-1
-1
104
104
-1
-1
-1
2
-1
-1
-1
-1
210
156
194
24
-1
212
103
39
30
213
53
144
-1
-1
200
195
-1
-1
19
213
-1
90
-1
157
-1
98
-1
-1
-1
-1
131
11
1
82
8
-1
-1
26
76
86
-1
-1
162
213
1
200
-1
108
123
-1
-1
200
121
124
-1
78
98
213
-1
111
-1
-1
-1
-1
109
-1
-1
-1
-1
139
72
-1
213
-1
-1
-1
-1
-1
104
-1
-1
5
-1
-1
214
214
-1
104
